No	GenomicLocus	uniqID	rsID	chr	pos	p	nSNPs	nGWASSNPs
1	1	1:114377568:A:G	rs2476601	1	114377568	4.395e-08	2	2
2	2	2:234527183:A:G	rs17863762	2	234527183	2.967e-10	2	2
3	3	6:31191509:C:T	rs57833738	6	31191509	1.442e-08	2	1
4	3	6:31216704:C:T	rs117232593	6	31216704	2.357e-16	105	92
5	3	6:31217026:A:G	rs9501364	6	31217026	8.872e-11	12	3
6	3	6:31218268:A:G	rs117292830	6	31218268	6.583e-10	1	1
7	3	6:31229606:C:G	rs116995415	6	31229606	5.917e-17	66	58
8	3	6:31288799:C:T	rs28752780	6	31288799	2.459e-08	84	5
9	3	6:31446920:C:T	rs79118723	6	31446920	2.693e-11	2	1
10	3	6:31453053:A:G	rs75918478	6	31453053	9.391e-10	11	7
11	3	6:31489044:A:G	rs74463708	6	31489044	2.347e-08	38	27
12	3	6:31562767:C:G	rs34744948	6	31562767	3.252e-08	22	18
13	3	6:32110670:G:T	rs138389328	6	32110670	2.705e-22	211	161
14	3	6:32149572:A:G	rs2853807	6	32149572	2.822e-19	1	1
15	3	6:32149883:C:T	rs204996	6	32149883	9.716e-10	11	1
16	3	6:32157364:A:G	rs2856437	6	32157364	5.368e-13	17	2
17	3	6:32186193:C:T	rs431541	6	32186193	2.455e-08	16	4
18	3	6:32192436:A:G	rs391755	6	32192436	8.98e-18	2	1
19	3	6:32198948:C:T	rs6457499	6	32198948	4.041e-09	43	31
20	3	6:32205045:A:G	rs549182	6	32205045	2.584e-10	13	2
21	3	6:32208697:C:T	rs376549	6	32208697	1.143e-10	7	4
22	3	6:32209027:C:T	rs382259	6	32209027	3.107e-11	9	9
23	3	6:32213831:A:T	rs412492	6	32213831	7.461e-10	86	41
24	3	6:32217413:C:T	rs3115574	6	32217413	2.374e-08	13	9
25	3	6:32251943:A:G	rs1265788	6	32251943	1.295e-22	51	38
26	3	6:32257566:A:G	rs926070	6	32257566	2.369e-10	24	17
27	3	6:32285879:A:G	rs538473	6	32285879	1.464e-15	3	1
28	3	6:32331305:A:G	rs17202120	6	32331305	1.112e-14	2	2
29	3	6:32345054:G:T	rs116548543	6	32345054	2.985e-22	2	2
30	3	6:32347637:A:G	rs56673349	6	32347637	1.06e-21	44	39
31	3	6:32373232:G:T	rs10947261	6	32373232	1.125e-17	65	44
32	3	6:32376019:G:T	rs62404579	6	32376019	6.964e-13	2	1
33	3	6:32380909:A:C	rs9380294	6	32380909	3.328e-14	4	3
34	3	6:32388547:A:G	rs17209007	6	32388547	1.142e-08	26	22
35	3	6:32395036:C:T	rs3135344	6	32395036	1.062e-08	5	4
36	3	6:32397190:C:G	rs7754570	6	32397190	1.319e-08	18	16
37	3	6:32413471:C:T	rs114475159	6	32413471	2.612e-21	3	3
38	3	6:32415080:A:G	rs3129891	6	32415080	6.78e-11	95	9
39	3	6:32416773:A:G	rs143469999	6	32416773	8.32e-10	6	3
40	3	6:32417794:A:G	rs199639400	6	32417794	1.718e-19	67	8
41	3	6:32422191:A:G	rs2097442	6	32422191	2.646e-08	270	3
42	3	6:32429204:C:T	rs9268845	6	32429204	1.339e-11	204	84
43	3	6:32432340:C:T	rs9268909	6	32432340	1.949e-08	7	5
44	3	6:32449655:A:G	rs11757500	6	32449655	1.275e-19	180	83
45	3	6:32453302:C:T	rs117816501	6	32453302	4.351e-27	695	375
46	3	6:32453474:C:T	rs144039739	6	32453474	1.231e-09	272	6
47	3	6:32538083:C:T	rs116343052	6	32538083	4.959e-32	12	7
48	3	6:32551604:G:T	rs9269923	6	32551604	5.507e-16	112	1
49	3	6:32560440:A:G	rs9270549	6	32560440	1.537e-12	557	27
50	3	6:32565437:A:G	rs199707618	6	32565437	1.954e-31	14	10
51	3	6:32565463:A:T	rs148698549	6	32565463	1.642e-14	17	1
52	3	6:32572106:A:G	rs34102154	6	32572106	7.57e-28	13	4
53	3	6:32577282:A:C	rs9271146	6	32577282	2.499e-09	1021	105
54	3	6:32584581:C:T	rs73730372	6	32584581	9.076e-09	43	15
55	3	6:32587157:A:G	rs28688825	6	32587157	2.789e-34	31	13
56	3	6:32587300:A:G	rs9271378	6	32587300	1.443e-13	1	1
57	3	6:32588007:C:T	rs34304006	6	32588007	2.502e-33	6	2
58	3	6:32589266:A:G	rs35597309	6	32589266	1.858e-28	129	62
59	3	6:32596423:A:G	rs9271919	6	32596423	4.855e-08	333	40
60	3	6:32608967:A:G	rs78496075	6	32608967	2.451e-24	184	58
61	3	6:32612326:C:T	rs9273079	6	32612326	4.375e-08	313	26
62	3	6:32615904:A:G	rs10456411	6	32615904	4.101e-08	1	1
63	3	6:32619632:G:T	rs566907865	6	32619632	4.887e-08	10	1
64	3	6:32620800:A:G	rs17843620	6	32620800	9.792e-14	335	48
65	3	6:32623193:A:G	rs9273325	6	32623193	2.034e-09	6	4
66	3	6:32624033:C:T	rs193147579	6	32624033	8.111e-12	1	1
67	3	6:32625369:A:G	rs536421612	6	32625369	1.339e-10	8	3
68	3	6:32626040:C:T	rs4713570	6	32626040	9.527e-11	3	1
69	3	6:32626348:C:T	rs28407950	6	32626348	4.694e-25	92	7
70	3	6:32626881:C:G	rs374144416	6	32626881	1.328e-12	1	1
71	3	6:32627480:A:G	rs1064173	6	32627480	6.236e-18	1	1
72	3	6:32627773:A:G	rs1049213	6	32627773	4.634e-08	89	4
73	3	6:32628439:A:G	rs9273508	6	32628439	4.308e-22	23	8
74	3	6:32628595:C:T	rs9273524	6	32628595	3.293e-12	637	104
75	3	6:32628660:C:T	rs28688207	6	32628660	2.326e-55	110	58
76	3	6:32629091:C:G	rs9273595	6	32629091	3.464e-12	58	14
77	3	6:32629500:A:C	rs28724248	6	32629500	3.061e-08	19	1
78	3	6:32631281:C:T	rs796744433	6	32631281	8.344e-11	3	1
79	3	6:32631418:A:G	rs17613643	6	32631418	5.289e-10	11	1
80	3	6:32634139:C:T	rs28746844	6	32634139	2.684e-10	124	22
81	3	6:32636282:A:G	rs36058358	6	32636282	5.86e-16	9	3
82	3	6:32637158:A:G	rs17205528	6	32637158	6.318e-21	40	12
83	3	6:32673893:A:C	rs1617322	6	32673893	1.678e-12	115	61
84	3	6:32674058:A:G	rs9275505	6	32674058	7.781e-09	154	90
85	3	6:32682590:A:G	rs113721192	6	32682590	4.403e-09	1	1
86	3	6:32685298:A:T	rs73734325	6	32685298	2.932e-10	1	1
87	3	6:32692311:A:C	rs2859066	6	32692311	2.182e-08	63	20
88	3	6:32700871:A:G	rs143357379	6	32700871	2.475e-17	3	3
89	3	6:32704965:A:G	rs115792074	6	32704965	2.976e-08	10	10
90	3	6:32711691:A:C	rs16870693	6	32711691	1.406e-18	79	3
91	3	6:32732586:A:G	rs79433101	6	32732586	2.467e-22	153	117
92	3	6:32766406:C:T	rs73739316	6	32766406	1.435e-13	13	3
93	3	6:32797876:A:G	rs241436	6	32797876	3.533e-11	1	1
94	3	6:33024606:C:G	rs376877	6	33024606	2.497e-10	1	1
95	3	6:33028717:A:G	rs588997	6	33028717	7.61e-11	9	4
96	3	6:33039625:C:T	rs9277341	6	33039625	5.764e-13	8	6
97	3	6:33043520:C:G	rs2071349	6	33043520	2.582e-12	29	12
98	3	6:33162082:A:T	rs2072915	6	33162082	2.864e-08	9	8
99	4	9:117665187:A:G	rs3181374	9	117665187	1.277e-08	93	76
100	5	10:64382662:A:G	rs12774545	10	64382662	6.081e-10	3	2
101	6	20:6507736:C:T	rs184983658	20	6507736	1.555e-14	2	1
