uniqID	CADD	RDB	E001	E002	E003	E004	E005	E006	E007	E008	E009	E010	E011	E012	E013	E014	E015	E016	E017	E018	E019	E020	E021	E022	E023	E024	E025	E026	E027	E028	E029	E030	E031	E032	E033	E034	E035	E036	E037	E038	E039	E040	E041	E042	E043	E044	E045	E046	E047	E048	E049	E050	E051	E052	E053	E054	E055	E056	E057	E058	E059	E061	E062	E063	E065	E066	E067	E068	E069	E070	E071	E072	E073	E074	E075	E076	E077	E078	E079	E080	E081	E082	E083	E084	E085	E086	E087	E088	E089	E090	E091	E092	E093	E094	E095	E096	E097	E098	E099	E100	E101	E102	E103	E104	E105	E106	E107	E108	E109	E110	E111	E112	E113	E114	E115	E116	E117	E118	E119	E120	E121	E122	E123	E124	E125	E126	E127	E128	E129
1:114303808:A:C	1.651	5	5	5	5	15	5	5	5	5	5	5	5	7	5	5	5	5	5	5	5	5	5	15	5	5	5	5	5	5	5	5	5	5	5	5	7	7	5	5	5	5	5	5	5	5	5	5	5	5	5	7	2	5	5	5	5	5	5	5	5	5	5	5	5	5	5	5	5	5	5	5	5	5	5	5	5	5	5	5	5	5	5	5	5	5	5	5	5	5	5	5	5	5	5	5	5	5	5	5	5	5	5	15	5	5	5	5	5	5	5	5	5	5	5	5	5	5	5	5	5	5	7	5	5	5	5	5	5
1:114377568:A:G	17.250	2b	15	15	15	15	15	15	15	15	14	14	15	15	15	15	15	15	15	15	15	15	15	15	15	15	15	15	15	7	4	6	4	4	5	4	4	6	4	4	4	4	4	4	4	4	5	4	4	4	15	4	6	15	14	15	15	15	15	15	15	15	4	15	15	15	15	15	15	15	15	15	15	15	15	15	5	15	15	15	14	15	15	15	15	15	15	15	15	14	15	15	4	15	15	15	15	15	15	15	5	5	15	15	15	5	15	15	15	15	15	5	5	15	6	4	15	15	7	15	15	15	15	4	15	15	7	15	15
2:234409801:C:T	2.071	5	15	15	15	15	5	5	5	15	5	5	15	15	5	15	15	15	5	15	15	15	15	15	5	15	6	7	4	6	5	15	5	5	4	5	4	5	15	5	5	5	5	5	5	5	5	5	5	15	7	4	8	7	5	5	5	5	7	7	5	5	5	4	5	4	5	7	7	15	7	5	5	7	5	5	4	5	5	5	5	5	5	5	5	5	5	5	5	4	5	5	5	5	5	5	4	5	5	5	5	5	5	15	5	5	5	4	5	15	5	5	5	4	5	7	5	5	7	7	5	5	15	5	7	7	7	5	7
2:234527183:A:G	23.700	6	15	15	15	15	15	14	15	15	15	14	15	15	14	15	15	15	15	15	15	15	15	15	15	15	15	14	14	15	15	15	14	14	14	15	15	15	15	15	15	14	14	14	14	15	15	14	14	15	14	15	15	14	15	14	15	15	15	15	15	14	14	15	15	15	15	15	15	15	15	15	15	15	15	15	5	15	15	14	15	15	15	15	15	15	15	15	15	15	15	15	15	15	14	15	15	15	15	15	1	5	15	15	15	14	15	15	14	15	14	15	15	15	14	15	15	14	15	15	14	15	15	15	15	15	15	15	14
9:117645562:C:T	0.955	7	15	15	15	15	5	15	15	15	15	14	15	15	15	15	15	15	14	15	15	15	15	15	15	15	15	15	15	15	8	7	9	9	15	15	15	9	15	15	15	15	9	5	15	15	15	9	15	15	15	9	9	15	14	15	5	15	15	15	15	15	15	15	15	15	15	15	15	15	15	15	15	15	15	15	15	15	15	15	15	15	15	15	15	15	15	15	15	15	15	9	15	15	15	15	15	15	15	15	15	15	15	15	15	15	15	15	15	5	15	15	15	9	15	9	15	15	15	15	15	15	15	7	15	15	15	15	15
9:117647508:A:G	4.352	3a	15	15	15	9	8	15	15	15	15	14	9	15	9	15	9	15	15	15	15	15	5	15	15	15	9	7	7	7	9	7	9	9	15	15	9	9	15	15	15	15	9	5	15	15	15	9	5	15	7	9	9	15	15	15	5	15	5	15	15	15	15	15	9	7	15	9	15	15	15	9	15	15	15	9	15	15	15	15	9	9	15	15	9	15	9	15	15	15	15	9	15	15	9	9	15	9	15	15	2	2	15	9	15	15	15	15	15	7	15	15	15	2	9	9	7	7	7	15	15	15	15	8	15	9	7	15	15
9:117649136:C:T	5.002	6	15	15	15	15	5	9	15	15	15	14	9	15	15	15	15	9	15	15	15	15	5	15	15	15	15	15	15	5	9	5	9	9	15	15	9	9	15	15	15	7	15	5	15	15	15	15	5	7	15	9	9	15	15	15	5	15	5	15	15	15	15	15	9	7	15	15	15	15	15	15	15	15	15	9	15	15	15	15	9	9	14	15	15	15	9	5	15	15	15	15	15	15	14	15	15	15	15	15	15	15	15	15	15	15	15	15	15	5	15	15	15	15	9	14	5	5	5	15	15	15	15	15	15	5	15	15	15
9:117650989:C:T	11.960	5	7	15	7	5	5	15	15	15	15	14	15	15	15	7	7	7	15	7	2	7	5	15	15	15	15	5	15	5	15	7	15	15	7	7	15	7	7	7	7	7	7	5	7	7	7	15	7	7	15	15	15	15	15	15	5	15	5	15	15	15	15	15	9	7	15	15	15	15	15	15	15	15	15	15	15	15	5	15	15	15	14	15	15	15	15	7	15	15	15	15	7	15	14	15	15	15	15	15	15	15	15	15	15	7	15	15	15	5	15	15	15	15	7	14	5	7	5	15	15	15	15	15	15	5	15	15	15
9:117651780:A:G	0.167	5	15	7	15	5	7	5	15	5	5	15	15	15	5	5	14	5	7	5	15	7	15	15	15	15	15	5	15	7	15	7	7	7	7	7	7	7	7	7	7	7	7	7	7	7	7	7	7	7	7	15	15	15	15	15	5	15	5	15	9	15	7	5	9	7	15	15	15	15	15	15	15	15	15	15	15	15	7	15	15	15	14	15	15	15	15	15	15	15	15	15	7	7	14	15	15	15	15	15	15	15	15	15	15	7	15	15	15	5	15	7	7	15	7	14	7	5	7	15	15	15	15	15	15	5	15	15	15
9:117652853:A:G	1.617	5	15	5	15	5	5	15	15	5	5	15	15	15	5	15	14	5	5	5	15	5	15	15	5	15	5	5	15	5	5	5	7	7	7	5	5	5	7	7	5	7	7	5	5	5	5	5	5	5	7	5	5	15	15	15	5	5	5	5	9	15	5	5	15	5	15	15	15	15	15	15	15	9	15	15	15	15	5	15	15	15	14	15	15	15	15	15	15	15	15	15	15	5	14	15	15	15	15	15	15	15	15	15	15	5	15	15	15	5	15	5	5	15	7	14	5	5	5	5	15	5	15	5	15	5	5	15	5
9:117653260:A:AC	9.666	NA	15	5	15	5	5	15	15	5	5	15	15	15	5	15	14	5	5	5	15	5	15	15	5	15	5	5	15	5	5	5	5	5	5	5	5	5	7	7	5	9	7	5	5	5	5	5	5	5	5	5	5	15	15	15	5	5	5	5	9	15	5	5	15	5	15	15	15	15	15	15	15	9	15	15	15	15	5	15	15	15	14	15	15	15	15	15	15	15	15	15	15	5	14	15	15	15	15	15	15	15	15	15	15	5	15	15	15	5	15	5	5	15	5	14	5	5	5	5	15	5	15	5	15	5	5	15	5
9:117654771:C:T	0.047	7	15	5	15	5	5	15	15	5	5	15	15	15	5	15	14	5	5	5	15	5	15	15	5	15	5	5	15	5	7	5	5	5	5	5	5	5	5	5	5	15	7	5	5	5	5	5	5	5	5	5	5	15	14	15	5	5	5	5	15	15	5	5	15	5	15	15	15	15	15	15	15	15	15	15	15	15	5	15	15	15	14	15	15	15	15	15	15	15	15	15	15	5	14	15	15	15	15	15	15	15	15	15	15	5	15	15	15	5	15	5	5	15	5	14	5	5	5	5	15	7	15	7	15	5	5	15	5
9:117654796:A:AT	4.172	NA	15	5	15	5	5	15	15	5	5	15	15	15	5	15	14	5	5	5	15	5	15	15	5	15	5	5	15	5	7	5	5	5	5	5	5	5	5	5	5	15	7	5	5	5	5	5	5	5	5	5	5	15	14	15	5	5	5	5	15	15	5	5	15	5	15	15	15	15	15	15	15	15	15	15	15	15	5	15	15	15	14	15	15	15	15	15	15	15	15	15	15	5	14	15	15	15	15	15	15	15	15	15	15	5	15	15	15	5	15	5	5	15	5	14	5	5	5	5	15	7	15	7	15	5	5	15	5
9:117656633:C:CCTG	5.046	NA	7	5	15	5	7	15	15	7	7	15	15	15	7	5	7	7	7	5	15	5	15	15	7	15	7	7	7	7	7	7	7	7	7	7	7	7	7	7	7	7	7	2	7	7	7	7	7	7	7	14	5	7	14	15	7	7	7	7	15	7	7	7	15	7	15	15	15	15	15	15	15	7	15	7	15	7	5	7	1	15	14	7	7	7	15	15	15	15	7	7	7	5	5	15	15	15	15	14	15	15	7	15	15	7	7	7	15	5	15	7	7	7	7	14	7	7	7	7	15	7	15	2	7	7	7	7	7
9:117659544:G:GT	0.759	NA	5	15	15	5	5	15	15	15	15	15	5	15	5	15	5	5	7	5	15	15	15	15	5	15	7	7	15	5	7	7	7	5	7	7	5	5	7	7	7	7	7	7	7	7	7	7	5	7	5	14	5	7	14	14	7	5	15	5	15	15	5	5	15	5	15	15	15	15	15	15	15	15	15	15	5	5	5	5	15	15	14	15	15	15	14	15	15	5	5	5	5	5	14	15	15	15	15	14	5	5	14	15	5	5	15	5	15	5	15	5	5	5	5	14	5	15	5	5	5	7	15	7	5	7	5	7	7
9:117659573:C:CTTAT	2.955	NA	5	15	15	5	5	15	15	15	15	15	5	15	5	15	5	5	7	5	15	15	15	15	5	15	7	7	15	5	7	7	7	5	7	7	5	5	7	7	7	7	7	7	7	7	7	7	5	7	5	14	5	7	14	14	7	5	15	5	15	15	5	5	15	5	15	15	15	15	15	15	15	15	15	15	5	5	5	5	15	15	14	15	15	15	14	15	15	5	5	5	5	5	14	15	15	15	15	14	5	5	14	15	5	5	15	5	15	5	15	5	5	5	5	14	5	15	5	5	5	7	15	7	5	7	5	7	7
9:117659691:C:T	0.690	5	5	15	15	5	5	15	15	15	15	15	7	15	5	15	5	5	7	5	15	15	15	15	7	15	7	7	15	5	7	7	7	7	7	7	5	7	7	7	7	7	7	7	7	7	7	7	7	7	5	14	5	7	14	14	7	5	15	5	15	15	5	5	15	5	15	15	15	15	15	15	15	15	15	15	5	5	5	5	15	15	14	15	15	15	14	15	15	5	5	5	5	5	14	15	15	15	15	14	5	5	14	15	5	5	15	5	15	5	15	5	5	5	7	14	5	15	5	5	5	7	15	7	7	7	5	7	7
9:117660286:A:AT	0.900	NA	5	15	15	7	5	15	15	15	15	15	5	15	5	15	5	15	5	5	15	15	15	15	5	15	5	7	15	5	7	7	7	7	7	7	7	7	7	7	7	7	7	7	7	7	5	7	7	7	5	7	7	5	14	14	5	7	15	5	15	15	7	5	15	5	15	15	15	15	15	15	15	15	15	15	5	5	5	5	15	15	14	15	15	15	15	15	15	5	5	5	7	5	14	15	15	15	15	14	5	5	14	15	5	5	15	5	15	5	15	7	5	5	7	13	5	15	5	5	5	7	15	7	5	7	5	5	5
9:117660456:G:GTAT	1.049	NA	5	15	15	7	5	15	15	15	15	15	5	15	5	15	5	15	5	5	15	15	15	15	5	15	5	7	15	5	7	7	7	7	7	7	7	7	7	7	7	7	7	7	7	7	7	7	7	7	5	7	7	5	14	14	5	7	15	5	15	15	7	5	15	5	15	15	15	15	15	15	15	15	15	15	5	5	5	5	15	15	14	15	15	15	15	15	15	5	5	5	7	5	14	15	15	15	15	14	5	5	14	15	5	5	15	7	15	5	15	7	5	5	7	13	5	15	5	5	5	7	15	7	5	7	5	5	5
9:117660562:C:G	0.100	6	5	15	15	7	5	15	15	15	15	15	5	15	5	15	5	15	5	5	15	15	15	15	5	15	5	7	15	5	7	7	7	7	7	7	7	7	7	7	7	7	7	7	7	7	7	7	7	7	5	7	7	5	14	14	5	7	15	5	15	15	7	5	15	5	15	15	15	15	15	15	15	15	15	15	5	5	5	5	15	15	14	15	15	15	15	15	15	5	5	5	7	5	14	15	15	15	15	14	5	5	14	15	5	5	15	7	15	5	15	7	5	5	7	13	5	15	5	5	5	7	15	7	5	7	5	5	5
9:117660933:A:G	4.489	4	5	15	15	7	5	15	15	15	15	15	5	15	5	15	5	15	5	5	15	15	15	15	5	15	5	7	15	5	7	2	2	7	2	7	7	7	2	7	7	7	7	7	7	2	7	7	7	7	7	2	2	5	14	14	5	5	15	5	15	15	7	7	15	5	15	15	15	15	15	15	15	15	15	15	5	5	5	5	15	15	14	15	15	15	15	15	15	5	5	5	7	5	14	15	15	15	15	14	5	5	14	15	5	5	15	7	15	5	15	2	5	5	2	12	5	15	5	5	5	7	15	2	5	7	5	5	7
9:117661625:A:T	2.070	6	7	15	15	7	5	15	15	15	15	15	7	15	7	15	5	15	7	5	15	15	15	15	5	15	7	7	15	5	7	2	7	7	2	7	7	7	2	7	7	7	7	7	7	7	7	7	7	7	7	7	7	7	14	14	7	5	15	5	14	15	5	7	15	15	14	15	15	15	15	15	15	15	15	15	5	5	7	5	15	15	14	15	15	15	15	15	15	5	5	5	7	5	14	15	15	15	15	15	7	7	14	15	5	5	15	5	15	5	15	7	5	5	7	14	5	15	5	5	5	7	15	7	5	7	5	5	7
9:117661665:A:C	0.217	6	7	15	15	7	5	15	15	15	15	15	7	15	7	15	5	15	7	5	15	15	15	15	5	15	7	7	15	5	7	2	7	7	2	7	7	7	2	7	7	7	7	7	7	7	7	7	7	7	7	7	7	7	14	14	7	5	15	5	14	15	5	7	15	15	14	15	15	15	15	15	15	15	15	15	5	5	7	5	15	15	14	15	15	15	15	15	15	5	5	5	7	5	14	15	15	15	15	15	7	7	14	15	5	5	15	5	15	5	15	7	5	5	7	14	5	15	5	5	5	7	15	7	5	7	5	5	7
9:117662144:A:G	6.843	5	15	15	15	15	5	15	15	15	15	15	7	15	7	15	5	15	7	5	15	15	15	15	5	15	7	7	15	5	7	7	7	7	7	7	7	7	2	7	7	7	7	7	7	7	7	7	7	7	7	7	7	7	14	15	7	7	15	5	14	15	5	7	15	15	14	15	15	15	15	15	15	15	15	15	5	5	5	7	15	15	14	15	15	15	15	15	15	7	7	5	7	7	14	7	15	15	15	15	5	7	14	15	7	7	15	7	15	14	15	7	5	5	7	14	5	15	5	7	5	7	15	2	5	7	5	7	7
9:117662730:C:T	0.531	5	15	15	15	15	5	15	15	15	15	15	14	15	5	15	5	15	7	5	15	15	15	15	5	15	7	7	15	5	7	7	5	7	7	7	5	7	7	7	7	7	7	7	7	7	7	7	7	2	7	7	7	7	14	15	7	7	15	5	14	15	5	7	15	15	14	15	15	15	15	15	15	15	15	15	5	5	7	5	15	15	14	15	15	15	15	15	15	15	7	5	7	5	14	15	15	15	15	15	5	5	14	15	14	7	15	15	15	14	15	7	5	5	7	14	5	15	5	7	5	7	15	7	5	7	5	7	7
9:117663270:C:G	1.237	5	15	15	15	15	5	15	15	15	15	15	14	15	5	15	5	15	7	5	15	15	15	15	5	15	7	7	15	5	5	7	4	5	6	6	5	5	7	6	7	7	6	6	7	7	6	7	7	7	7	5	5	7	14	15	7	7	15	7	14	15	5	5	15	15	14	15	15	15	15	15	15	15	15	15	5	5	5	5	15	15	14	15	15	15	15	15	15	15	5	5	7	5	14	15	15	15	7	15	5	5	14	15	14	5	15	15	15	14	15	5	5	5	6	14	5	15	7	7	5	7	15	6	7	7	5	7	7
9:117663314:A:AGT	2.597	NA	15	15	15	15	5	15	15	15	15	15	14	15	5	15	5	15	7	5	15	15	15	15	5	15	7	7	15	5	5	7	4	5	6	6	5	5	7	6	7	7	6	6	7	7	6	7	7	7	7	5	5	7	14	15	7	7	15	7	14	15	5	5	15	15	14	15	15	15	15	15	15	15	15	15	5	5	5	5	15	15	14	15	15	15	15	15	15	15	5	5	7	5	14	15	15	15	7	15	5	5	14	15	14	5	15	15	15	14	15	5	5	5	6	14	5	15	7	7	5	7	15	6	7	7	5	7	7
9:117663550:C:T	9.723	NA	15	15	15	15	5	15	15	15	15	15	14	15	5	15	5	15	7	5	15	15	15	15	7	15	7	7	15	5	5	7	4	5	6	6	5	5	7	6	6	7	6	6	7	7	6	5	7	7	7	5	5	7	14	15	7	5	15	7	14	15	5	5	15	15	14	15	15	15	15	15	15	15	15	15	5	5	5	5	15	15	14	15	15	15	15	15	15	15	5	5	5	5	14	15	15	15	7	15	5	5	14	15	14	5	15	15	15	14	15	5	5	7	6	14	5	15	7	7	5	7	15	4	7	7	5	7	7
9:117663800:C:G	3.813	3a	15	15	15	14	5	15	15	15	15	15	14	15	5	15	5	15	7	5	15	15	15	15	7	15	7	7	15	7	4	7	4	5	6	6	5	4	2	6	6	7	6	6	6	6	6	5	7	7	7	5	4	7	14	15	7	5	7	7	14	15	5	5	15	15	14	15	15	15	15	15	15	15	15	15	5	5	5	7	15	15	14	15	15	15	15	15	15	15	5	5	5	5	14	15	15	15	7	15	5	5	14	15	14	5	15	15	15	14	15	5	5	7	6	14	7	15	7	7	7	7	15	4	7	7	7	7	7
9:117663884:G:T	2.241	NA	15	15	15	14	5	15	15	15	15	15	14	15	5	15	5	15	7	5	15	15	15	15	7	15	7	7	15	7	4	7	4	5	6	6	4	4	2	6	6	7	6	6	6	6	6	5	7	7	7	5	4	7	14	15	7	5	7	7	14	15	5	5	15	15	14	15	15	15	15	15	15	15	15	15	5	5	5	7	15	15	14	15	15	15	15	15	15	15	5	5	5	5	14	15	15	15	7	15	5	5	14	15	14	5	15	15	15	14	15	6	5	14	6	14	7	15	7	7	7	7	15	4	7	7	7	7	7
9:117664172:C:T	12.350	5	15	15	15	14	5	15	15	15	15	15	14	15	7	15	5	15	7	5	15	15	15	15	7	15	7	7	15	7	4	5	4	5	6	6	4	4	7	6	6	7	6	6	6	6	6	5	7	7	7	5	4	2	14	15	7	5	7	5	14	15	5	5	15	15	14	15	15	15	15	15	15	15	15	15	5	5	5	7	15	15	14	5	15	15	15	15	15	15	5	5	5	5	14	15	15	15	7	15	5	5	14	15	14	5	15	15	15	14	15	6	5	14	6	14	7	15	7	7	5	7	15	4	7	7	7	7	7
9:117664211:C:T	6.394	5	15	15	15	14	5	15	15	15	15	15	14	15	7	15	5	15	7	5	15	15	15	15	7	15	7	7	15	7	4	5	4	5	6	6	4	4	7	6	6	7	6	6	6	6	6	5	7	7	7	5	4	2	14	15	7	5	7	5	14	15	5	5	15	15	14	15	15	15	15	15	15	15	15	15	5	5	5	7	15	15	14	5	15	15	15	15	15	15	5	5	5	5	14	15	15	15	7	15	5	5	14	15	14	5	15	15	15	14	15	6	5	14	6	14	5	15	7	7	5	7	15	4	7	7	7	7	7
9:117665187:A:G	2.057	NA	15	15	15	14	7	15	15	15	15	15	14	15	5	15	5	15	7	5	15	15	15	15	15	15	7	7	15	7	4	4	4	6	6	6	4	4	2	6	6	6	6	6	6	6	6	6	7	7	7	4	4	7	14	15	7	7	7	5	14	15	4	5	15	15	14	15	15	15	15	15	15	15	15	15	7	5	5	5	15	15	14	5	7	15	15	15	15	15	5	5	4	5	14	15	15	15	7	15	5	5	14	15	14	5	15	15	7	7	15	4	5	14	6	14	5	15	7	7	5	7	15	4	7	7	7	7	7
9:117665379:A:G	0.061	NA	15	15	15	14	7	15	15	15	15	15	14	15	5	15	7	15	7	5	15	15	15	15	15	15	7	7	15	7	4	4	4	6	6	3	4	4	3	3	6	6	3	3	6	6	6	6	7	2	7	4	4	7	14	15	7	7	7	7	14	15	4	5	15	15	14	15	15	15	15	15	15	15	15	15	7	5	5	5	15	15	14	7	7	15	15	15	15	15	5	5	4	5	14	15	15	15	7	15	5	7	14	15	14	5	15	15	7	7	15	4	5	14	6	14	7	15	7	7	5	7	15	4	2	7	7	7	7
9:117665435:A:G	0.379	NA	15	15	15	14	7	15	15	15	15	15	14	15	5	15	5	15	7	5	15	15	15	15	15	15	5	7	15	7	4	4	4	6	6	3	4	4	3	3	6	3	3	3	6	6	2	6	6	3	7	4	4	7	14	15	7	7	7	7	14	15	4	5	15	15	14	15	15	15	15	15	15	15	15	15	7	5	5	5	15	15	14	7	7	15	15	15	15	15	5	5	4	5	14	15	15	15	7	15	5	7	14	15	14	5	15	15	7	7	15	4	7	14	6	14	7	15	7	7	5	5	15	4	14	7	7	7	5
9:117665570:C:G	4.478	7	15	15	15	14	7	15	15	15	15	15	14	15	5	15	5	15	7	5	15	15	15	15	15	15	5	7	15	7	4	4	4	6	6	3	4	4	3	3	6	3	3	3	6	6	2	6	6	3	7	4	4	7	14	15	7	7	7	7	14	15	4	5	15	15	14	15	15	15	15	15	15	15	15	15	7	5	5	5	15	15	14	7	7	15	15	15	15	15	5	5	4	5	14	15	15	15	7	15	5	7	14	15	14	5	15	15	7	7	15	4	7	14	6	14	7	15	7	7	5	5	15	4	14	7	7	7	5
9:117665752:C:T	0.565	NA	15	15	15	14	7	15	15	15	15	15	14	15	5	15	5	15	7	5	15	15	15	15	15	15	5	5	15	7	4	4	4	6	6	3	4	4	3	6	6	3	3	3	6	6	2	6	6	6	5	4	4	15	14	15	7	7	7	7	14	15	4	5	15	15	14	15	15	15	15	15	15	15	15	15	7	5	5	5	15	15	14	7	5	15	15	15	15	15	5	5	4	5	14	15	15	15	7	15	5	7	14	15	14	5	15	15	7	7	15	4	6	14	6	14	7	15	7	5	5	5	15	4	14	7	7	5	5
9:117665866:A:G	8.262	NA	15	15	15	14	5	15	15	15	15	15	14	15	5	15	5	15	5	5	15	15	15	15	15	15	5	5	15	5	4	4	4	6	4	6	4	4	3	6	6	6	3	6	6	6	6	6	6	6	5	4	4	15	14	15	5	7	7	7	14	15	4	5	15	15	14	15	15	15	15	15	15	15	15	15	5	5	5	5	15	15	14	7	5	15	15	15	15	15	5	5	4	5	14	15	15	15	7	15	5	5	14	15	14	5	15	15	5	14	15	4	5	14	6	14	5	15	5	5	5	5	15	4	14	5	5	5	5
9:117665931:A:T	7.373	7	15	15	15	14	5	15	15	15	15	15	14	15	5	15	5	15	5	5	15	15	15	15	15	15	5	5	15	5	4	4	4	6	4	6	4	4	3	6	6	6	3	6	6	6	6	6	6	6	5	4	4	15	14	15	5	7	7	7	14	15	4	5	15	15	14	15	15	15	15	15	15	15	15	15	5	5	5	5	15	15	14	7	5	15	15	15	15	15	5	5	4	5	14	15	15	15	7	15	5	5	14	15	14	5	15	15	5	14	15	4	5	14	6	14	5	15	5	5	5	5	15	4	14	5	5	5	5
9:117666678:A:G	4.029	NA	15	15	15	14	5	15	15	15	15	15	14	15	5	15	5	15	5	5	15	15	15	15	15	15	5	5	15	5	4	4	4	4	4	6	5	4	6	6	4	6	6	6	6	4	4	5	4	6	5	5	4	15	14	15	5	5	5	5	14	14	4	5	15	15	14	15	15	15	15	15	15	15	15	15	5	5	5	5	15	15	14	5	5	15	15	15	15	15	5	5	5	5	14	15	15	15	5	15	5	5	14	15	14	5	15	15	5	14	15	4	5	14	6	14	5	15	5	5	5	5	15	4	14	5	5	5	5
9:117666776:A:G	4.331	NA	15	15	15	14	5	15	15	15	15	15	14	15	5	15	5	15	5	5	15	15	15	15	15	15	5	5	15	5	4	4	4	4	4	6	5	4	6	6	4	6	6	6	6	4	4	5	4	6	5	5	4	15	14	15	5	5	5	5	14	14	4	5	15	15	14	15	15	15	15	15	15	15	15	15	5	5	5	5	15	15	14	5	5	15	15	15	15	15	5	5	5	5	14	15	15	15	5	15	5	5	14	15	14	5	15	15	5	14	15	4	5	14	6	14	5	15	5	5	5	5	15	4	14	5	5	5	5
9:117666924:A:T	4.141	6	15	15	15	14	5	15	15	15	15	15	14	15	5	15	5	15	5	5	15	15	15	15	15	15	5	5	15	5	4	4	4	4	4	6	5	4	6	6	4	6	6	6	6	4	4	5	4	5	5	5	4	15	14	15	5	5	5	5	14	14	4	15	15	15	14	15	15	15	15	15	15	15	15	15	5	5	5	5	15	15	14	5	5	15	15	15	15	15	5	5	5	5	14	15	15	15	5	15	5	5	14	15	14	5	15	15	5	14	15	4	5	14	5	14	5	15	5	5	5	5	15	4	14	5	5	5	5
9:117667161:A:G	10.600	NA	15	15	15	14	5	15	15	15	15	15	14	15	5	15	5	15	5	5	15	15	15	15	15	15	5	5	15	5	4	4	4	5	4	6	5	4	6	6	4	6	6	6	6	4	4	5	4	5	5	5	4	15	14	15	5	5	5	5	14	14	4	15	15	15	14	15	15	15	15	15	15	15	15	15	5	5	5	5	15	15	14	5	5	15	15	15	15	15	5	5	5	5	14	15	15	15	5	15	5	5	14	15	14	5	15	15	5	14	15	4	5	14	5	14	5	15	5	5	5	5	15	4	14	7	5	5	5
9:117667242:C:T	1.017	NA	15	15	15	14	5	15	15	15	15	15	14	15	5	15	5	15	5	5	15	15	15	15	15	15	5	5	15	5	4	4	4	5	4	6	5	4	6	6	4	6	6	6	6	4	4	5	4	7	5	5	4	15	14	15	5	5	5	5	14	14	4	15	15	15	14	15	15	15	15	15	15	15	15	15	5	5	5	5	15	15	14	7	7	15	15	15	15	15	5	5	5	5	14	15	15	15	5	15	5	5	13	15	14	5	15	15	5	14	15	4	5	14	7	14	5	15	5	5	5	5	15	4	14	7	5	5	5
9:117667771:C:T	5.050	NA	15	15	15	14	7	15	15	15	15	15	14	15	5	15	5	15	5	7	15	15	15	15	15	15	5	5	7	5	4	4	4	5	4	6	5	4	7	7	4	6	6	6	6	6	4	5	6	5	7	5	5	15	14	15	7	5	5	5	14	14	4	15	15	15	14	15	15	7	15	15	15	15	15	15	5	5	5	5	15	15	14	5	7	15	15	7	15	15	5	5	5	5	14	15	15	15	5	15	5	5	14	15	14	5	15	15	5	14	15	4	5	14	7	14	5	15	5	5	5	5	15	4	14	7	5	5	5
9:117668142:C:T	12.790	NA	15	15	15	14	7	15	15	15	15	15	7	15	5	15	5	15	5	5	15	15	15	15	15	15	5	5	7	5	4	5	4	5	4	6	5	4	7	7	4	6	6	6	6	6	6	5	7	7	7	5	5	15	14	15	5	5	5	5	14	14	4	15	15	15	14	15	15	15	15	15	15	15	15	15	5	5	5	5	15	15	14	5	7	15	15	7	15	15	5	5	5	5	14	15	15	15	5	15	5	5	14	15	14	5	15	15	5	14	15	4	5	14	7	14	5	15	5	5	5	5	15	4	14	5	5	5	5
9:117669299:A:G	5.813	2b	7	5	15	14	7	7	15	15	15	15	7	15	5	15	5	15	7	5	15	15	15	15	15	15	5	7	7	5	4	5	6	7	7	6	5	5	7	7	7	6	7	6	7	6	6	7	7	2	7	5	5	15	14	15	7	7	7	5	14	14	4	15	15	15	14	15	14	15	15	15	15	15	15	15	7	5	5	5	15	15	14	7	7	15	15	7	15	7	7	7	7	5	14	15	15	15	7	15	5	7	14	15	14	7	15	15	7	14	15	6	5	7	6	14	5	15	7	5	5	7	15	4	14	7	5	5	5
9:117669814:C:G	1.814	5	7	5	15	14	7	7	15	15	15	15	7	15	7	15	7	7	7	5	15	7	15	15	15	15	5	7	7	7	4	5	6	7	7	6	5	5	7	7	7	6	3	3	7	7	7	7	7	7	15	5	5	14	14	15	7	7	7	7	14	14	6	15	15	7	14	15	14	15	15	15	15	15	15	15	7	7	5	5	15	15	14	15	15	15	7	7	7	14	7	5	7	5	14	7	15	7	7	15	7	7	14	15	14	7	15	15	15	14	15	6	5	7	7	14	7	7	7	7	5	5	15	4	14	5	7	5	5
9:117670664:A:T	10.500	4	7	7	15	14	7	7	7	15	15	15	7	7	7	7	7	7	7	7	15	7	15	15	15	15	7	7	7	7	4	5	7	7	7	7	7	7	2	2	2	2	6	3	7	7	7	7	7	7	15	7	7	7	14	15	7	7	7	7	14	14	6	15	15	7	14	15	14	15	15	15	15	15	15	15	15	7	7	7	15	15	14	15	15	15	7	7	15	7	7	5	7	5	14	7	15	5	7	15	7	7	14	15	14	7	15	15	15	14	15	6	5	7	2	7	7	7	7	7	7	7	15	4	7	7	7	5	7
9:117672760:C:T	5.209	5	14	13	15	14	7	5	15	15	15	15	5	15	15	14	14	5	14	14	15	14	15	15	15	15	7	5	7	5	6	5	7	7	6	6	5	4	7	7	7	7	6	6	6	5	7	7	7	7	15	5	5	14	14	15	7	14	7	15	14	14	5	15	15	15	14	7	14	15	15	15	15	15	15	15	15	15	5	14	15	15	14	15	15	15	14	5	15	7	15	5	7	5	14	7	15	15	5	15	5	15	7	15	14	7	15	15	15	14	14	6	5	7	7	14	7	14	7	7	5	14	15	4	5	5	14	5	7
9:117674814:C:T	10.090	7	14	14	14	14	7	14	15	14	15	15	14	15	15	14	14	14	14	14	14	14	15	14	15	15	14	14	5	15	4	5	5	5	4	5	5	4	5	5	5	5	4	6	6	5	5	5	5	5	15	5	5	14	14	15	14	14	15	15	14	14	4	15	15	15	15	15	14	15	5	14	15	15	15	15	15	15	15	14	15	15	14	15	14	15	14	5	15	15	15	14	5	5	14	15	15	15	5	15	5	15	15	15	14	5	15	15	15	15	14	6	5	14	6	14	15	14	14	14	14	14	15	4	15	14	14	14	14
9:117675454:A:G	8.492	5	13	13	13	14	7	14	15	14	15	15	14	15	15	14	14	14	13	13	14	14	15	14	15	15	14	14	5	15	4	5	4	5	4	4	5	6	7	5	5	5	6	6	6	4	4	5	5	5	15	5	5	13	14	15	13	14	15	15	14	14	4	15	15	15	15	15	14	15	15	14	15	15	15	15	15	15	15	14	15	15	14	15	14	15	14	7	15	15	15	14	5	5	14	15	15	15	7	15	5	15	15	15	14	5	15	15	15	15	14	6	5	14	6	14	15	14	14	14	13	14	15	4	14	14	14	14	14
9:117675813:A:G	3.947	5	13	13	13	14	7	14	15	14	15	15	14	15	15	14	14	13	13	13	14	14	15	14	15	15	14	14	5	15	4	5	4	5	4	4	5	6	5	5	5	5	6	6	6	4	4	5	5	5	15	5	5	13	14	15	13	14	15	15	14	14	4	15	15	15	15	15	14	15	15	14	14	15	15	15	15	15	15	14	15	15	14	15	14	15	14	7	15	15	15	14	7	5	14	15	15	15	7	15	5	15	15	15	14	5	15	15	15	15	14	6	5	14	6	14	15	14	14	14	13	14	15	4	14	14	14	14	14
9:117676314:C:T	2.582	6	13	13	13	14	7	14	15	14	15	15	14	15	15	14	14	13	13	13	13	14	15	14	15	15	14	14	5	15	4	5	4	5	4	4	5	6	5	5	6	5	6	6	6	4	4	5	5	5	15	5	5	13	14	15	13	14	15	15	14	14	4	15	15	15	15	15	14	15	15	14	14	15	15	15	15	15	15	14	15	15	14	15	14	15	14	7	15	15	15	14	5	15	14	15	15	15	5	15	5	15	15	15	14	5	15	15	15	15	14	6	5	14	6	14	15	14	14	14	13	14	15	4	14	14	14	14	14
9:117676518:C:T	3.635	4	13	13	13	14	5	14	15	14	15	15	14	15	15	13	14	13	13	13	13	13	15	14	15	15	14	14	5	15	4	5	4	5	4	4	5	6	6	5	6	7	6	6	6	4	5	5	5	5	15	5	5	13	14	15	13	14	15	15	14	14	4	15	15	15	15	15	14	15	15	14	14	15	15	15	15	15	15	14	15	15	14	15	14	15	14	7	15	15	15	14	5	15	14	15	15	15	5	15	5	15	15	15	14	5	15	15	15	15	14	6	5	14	6	14	15	14	14	14	13	14	15	4	14	14	14	14	14
9:117676541:A:G	1.276	2b	13	13	13	14	5	14	15	14	15	15	14	15	15	13	14	13	13	13	13	13	15	14	15	15	14	14	5	15	4	5	4	5	4	4	5	6	6	5	6	7	6	6	6	4	5	5	5	5	15	5	5	13	14	15	13	14	15	15	14	14	4	15	15	15	15	15	14	15	15	14	14	15	15	15	15	15	15	14	15	15	14	15	14	15	14	7	15	15	15	14	5	15	14	15	15	15	5	15	5	15	15	15	14	5	15	15	15	15	14	6	5	14	6	14	15	14	14	14	13	14	15	4	14	14	14	14	14
9:117676830:A:G	3.681	5	13	13	13	14	7	14	15	14	15	15	14	15	15	13	13	13	13	13	13	13	15	14	15	15	14	14	5	15	4	5	4	5	6	4	7	6	6	4	6	7	6	6	7	4	6	5	5	7	15	7	7	13	14	15	13	14	15	15	14	14	4	15	15	15	15	15	14	15	15	14	14	15	15	15	15	15	15	14	15	15	14	15	14	15	14	7	15	15	15	15	5	15	14	15	15	15	5	15	5	15	15	15	14	5	15	15	15	15	14	4	5	14	6	14	15	14	14	14	13	13	15	4	14	14	14	14	14
9:117676833:A:C	4.263	5	13	13	13	14	7	14	15	14	15	15	14	15	15	13	13	13	13	13	13	13	15	14	15	15	14	14	5	15	4	5	4	5	6	4	7	6	6	4	6	7	6	6	7	4	6	5	5	7	15	7	7	13	14	15	13	14	15	15	14	14	4	15	15	15	15	15	14	15	15	14	14	15	15	15	15	15	15	14	15	15	14	15	14	15	14	7	15	15	15	15	5	15	14	15	15	15	5	15	5	15	15	15	14	5	15	15	15	15	14	4	5	14	6	14	15	14	14	14	13	13	15	4	14	14	14	14	14
9:117676931:C:G	4.383	5	13	13	13	14	7	14	15	14	15	15	14	15	15	13	13	13	13	13	13	13	15	14	15	15	14	14	5	15	4	5	4	5	6	4	7	6	6	4	6	7	6	6	7	4	6	5	5	7	15	7	7	13	14	15	13	14	15	15	14	14	4	15	15	15	15	15	14	15	15	14	14	15	15	15	15	15	15	14	15	15	14	15	14	15	14	7	15	15	15	15	5	15	14	15	15	15	5	15	5	15	15	15	14	5	15	15	15	15	14	4	5	14	6	14	15	14	14	14	13	13	15	4	14	14	14	14	14
9:117677305:A:C	7.604	5	13	13	13	14	7	14	15	14	15	15	14	15	15	13	13	13	13	13	13	13	14	14	15	15	14	14	7	15	4	5	4	5	6	6	7	6	6	6	6	7	6	6	7	4	6	7	7	7	15	7	7	13	14	15	13	14	15	15	14	14	4	15	15	15	15	15	14	15	15	14	14	15	15	15	15	15	15	14	15	15	14	15	14	7	14	7	15	15	15	15	5	15	14	15	15	15	5	15	5	15	15	15	14	5	15	15	15	15	14	4	5	14	6	14	15	14	14	14	13	13	15	4	14	14	14	14	14
9:117678053:A:AG	5.048	NA	13	13	13	14	5	14	15	13	14	15	14	15	15	13	13	13	13	13	13	14	14	14	15	15	14	14	15	15	4	5	4	5	4	5	5	6	7	6	4	5	6	6	6	4	4	5	5	5	14	5	5	13	14	15	14	14	15	14	14	14	4	15	15	15	15	15	14	15	14	14	14	15	15	15	15	15	15	14	15	15	14	15	14	15	14	7	15	15	15	15	5	15	14	15	15	15	5	15	5	15	15	15	14	5	15	15	14	15	14	4	5	14	4	14	15	14	14	14	14	13	15	4	14	14	14	14	14
9:117678236:C:T	2.424	NA	13	13	13	14	5	14	15	13	14	15	14	15	15	13	13	13	13	13	13	13	14	14	15	15	14	14	15	15	4	5	4	5	4	5	5	6	7	4	4	5	6	6	4	4	4	5	5	5	14	5	5	13	14	15	14	14	15	14	14	14	4	15	15	15	15	15	14	15	14	14	14	15	15	15	15	15	15	14	15	15	14	15	14	15	14	7	15	15	15	15	5	15	14	15	15	15	5	15	5	15	15	15	14	5	15	15	14	15	14	4	5	14	4	14	15	14	14	14	14	14	15	4	14	14	14	14	14
9:117679370:C:G	2.625	6	13	13	13	13	5	14	15	13	14	15	14	15	15	13	13	13	13	13	13	13	13	14	15	15	14	14	15	14	4	5	4	4	4	4	4	4	4	4	4	4	6	6	4	4	4	5	5	6	14	4	4	13	14	15	14	14	15	14	14	14	4	15	15	15	15	15	14	15	14	14	14	15	15	15	15	15	15	14	15	15	14	14	14	15	14	7	15	15	15	7	4	15	14	15	15	15	5	15	5	15	15	15	14	5	15	15	14	15	14	4	5	14	4	14	15	14	14	13	14	13	15	4	14	13	14	14	13
9:117680733:C:CT	3.145	NA	14	13	13	14	5	14	15	13	14	15	14	15	15	13	13	13	13	13	13	14	13	14	15	15	14	14	15	14	4	5	5	5	5	5	5	5	7	5	4	6	4	6	6	4	5	5	5	4	14	5	5	14	14	15	14	14	15	14	14	14	4	15	15	15	15	15	14	15	14	14	14	15	15	15	15	15	15	14	15	15	14	14	14	15	14	5	15	15	15	15	5	15	14	15	15	15	5	15	5	15	15	15	14	5	15	15	14	15	14	5	5	14	5	14	15	15	14	14	14	14	15	4	14	14	14	14	14
9:117681870:G:T	1.047	3a	13	13	13	13	5	14	15	13	14	15	14	15	15	13	13	13	13	13	13	13	14	13	15	15	14	14	15	14	4	5	5	5	6	7	5	5	7	5	6	6	3	3	6	6	7	5	7	5	14	5	7	14	7	7	14	14	15	14	14	14	5	15	15	15	15	15	14	15	14	14	14	15	15	15	14	15	15	14	15	15	14	14	14	15	14	5	15	15	15	15	5	15	14	15	15	15	5	15	5	15	15	14	14	5	15	15	14	15	14	5	5	14	5	14	15	15	14	13	14	14	15	4	14	13	14	14	14
9:117682077:C:G	2.668	3a	13	13	13	13	5	14	15	13	14	15	14	15	15	13	12	13	13	12	13	13	13	13	15	15	14	14	15	14	4	5	5	5	4	6	5	7	7	6	6	6	3	3	6	6	7	5	7	7	14	5	7	14	7	7	14	14	14	14	14	14	5	15	15	15	15	15	14	15	14	14	14	15	15	15	14	15	15	14	15	15	14	14	14	15	14	5	15	15	15	15	5	15	14	15	15	15	5	15	5	15	15	14	14	7	15	15	14	15	14	6	5	14	5	14	15	15	14	13	14	14	15	4	14	13	14	14	14
9:117682492:C:T	1.537	7	13	13	13	13	5	14	15	13	14	14	14	15	15	12	12	12	13	12	13	13	13	13	15	7	14	14	15	14	4	5	4	5	5	6	5	7	7	6	7	6	3	6	7	6	7	5	7	7	14	5	5	14	14	7	14	14	14	14	14	14	5	15	15	15	15	15	14	15	14	14	14	15	15	15	14	15	15	14	15	15	14	14	14	15	14	7	15	15	15	15	5	15	14	15	15	15	5	15	5	15	15	14	14	5	15	15	14	15	14	6	5	14	5	14	15	15	14	13	14	14	15	4	14	14	14	14	14
9:117684547:C:T	4.277	7	13	13	13	13	5	14	15	13	14	14	13	14	15	13	13	13	13	13	13	13	13	13	14	13	14	14	7	14	7	14	4	14	6	7	5	4	7	7	6	7	3	3	7	7	7	7	7	7	14	5	7	13	14	14	13	13	14	14	14	14	7	15	15	15	14	15	14	15	14	14	14	15	15	15	14	15	15	14	15	15	14	14	14	15	14	5	15	15	15	15	5	15	14	15	15	15	5	15	5	15	15	14	14	5	15	15	14	15	14	6	5	14	5	14	15	15	14	13	13	13	15	7	14	13	14	13	13
9:117685398:A:G	3.687	7	13	13	13	13	5	14	15	13	14	14	13	14	15	13	13	13	13	13	13	13	13	13	14	13	14	14	15	14	6	14	5	14	7	7	5	4	7	7	7	7	3	3	7	7	7	5	7	7	14	5	5	13	14	14	13	13	14	14	14	14	5	15	15	15	14	15	14	15	13	14	14	15	15	15	14	15	15	14	15	15	14	14	14	15	14	5	15	15	15	15	5	15	14	15	15	15	5	15	5	15	15	14	14	5	15	15	14	15	14	6	5	14	5	14	15	15	14	13	13	13	15	5	14	13	14	13	13
9:117686457:A:G	3.333	6	13	13	13	14	5	14	15	13	14	14	14	13	14	12	12	12	13	12	13	12	13	13	14	13	14	14	15	14	5	14	5	14	7	6	5	5	7	7	7	7	3	3	7	7	7	5	7	7	14	5	5	13	14	14	13	13	14	14	14	14	5	15	15	7	14	15	14	15	14	14	14	15	15	15	14	15	15	14	15	15	14	14	14	15	14	5	15	15	15	15	5	15	14	15	15	15	5	14	5	15	15	14	14	5	15	15	14	15	14	5	5	14	5	14	15	15	14	13	13	14	15	5	14	13	14	13	13
9:117686732:A:T	3.159	5	13	13	13	14	5	14	15	13	14	14	14	14	14	12	12	12	13	12	13	12	13	13	14	12	14	14	15	14	5	14	5	14	7	6	5	5	7	7	7	7	3	3	7	7	7	5	7	7	14	5	5	13	14	14	13	13	14	14	14	14	5	15	15	7	14	15	14	15	14	14	14	15	15	15	14	15	15	14	15	15	14	14	14	15	14	5	15	15	15	15	5	15	14	15	15	15	5	14	5	15	15	14	14	5	15	15	14	15	14	5	5	14	5	14	15	15	14	13	13	14	15	5	14	13	14	13	13
9:117686847:A:C	5.304	5	13	13	13	12	5	14	15	13	14	14	14	14	14	12	12	12	13	12	13	12	13	13	7	12	14	14	15	14	7	14	5	7	7	6	5	5	7	7	7	7	3	3	7	7	7	5	7	7	14	5	5	13	14	14	13	13	14	14	14	14	5	7	15	7	14	15	14	15	14	14	14	15	15	15	14	15	15	14	15	15	13	14	14	15	14	5	15	15	15	15	5	15	14	15	15	15	5	14	5	15	15	14	14	5	15	15	14	15	14	6	5	14	5	14	15	15	14	13	13	14	15	2	14	13	14	13	13
9:117687036:A:C	1.651	7	13	13	13	12	7	14	15	13	14	14	13	14	14	12	12	12	13	12	12	12	13	13	7	12	14	14	15	14	7	14	5	7	7	6	7	5	7	7	7	2	3	3	7	2	7	7	7	7	14	5	5	13	14	14	13	13	14	14	14	13	5	7	15	7	14	15	14	15	14	14	14	15	15	15	14	15	15	14	15	15	13	14	14	15	14	5	15	15	7	15	5	15	13	15	15	15	5	14	5	15	15	13	14	5	15	15	14	15	14	3	5	14	7	14	15	15	14	13	13	13	15	3	14	13	13	13	13
9:117687151:G:T	1.785	6	13	13	13	12	7	14	15	13	14	14	13	14	14	12	12	12	13	12	12	12	13	13	7	12	14	14	15	14	7	14	5	7	7	6	7	5	7	7	7	2	3	3	7	2	7	7	7	7	14	5	5	13	14	14	13	13	14	14	14	13	5	7	15	7	14	15	14	15	14	14	14	15	15	15	14	15	15	14	15	15	13	14	14	15	14	5	15	15	7	15	5	15	13	15	15	15	5	14	5	15	15	13	14	5	15	15	14	15	14	3	5	14	7	14	15	15	14	13	13	13	15	3	14	13	13	13	13
9:117689184:A:G	10.950	5	13	13	13	14	5	14	15	13	14	14	14	13	14	13	13	13	13	13	13	13	13	13	14	13	14	13	15	14	7	5	5	5	7	5	5	5	7	7	2	7	1	1	7	2	1	5	7	7	14	5	5	13	14	14	14	14	14	14	14	14	5	5	15	5	14	15	14	15	14	14	14	15	15	15	14	15	15	14	15	15	13	14	14	15	14	5	15	15	5	15	5	15	14	15	15	15	15	14	14	15	15	14	14	5	14	15	14	15	14	1	5	14	7	13	15	14	14	14	14	13	15	6	14	13	13	14	13
9:117689305:C:T	0.301	6	13	13	13	14	5	14	15	13	14	14	14	13	14	13	13	13	13	13	13	13	13	13	14	13	14	13	15	14	7	5	5	5	7	5	5	5	7	7	7	7	1	1	7	1	1	5	7	7	14	5	5	13	14	14	14	14	14	14	14	14	5	5	15	5	14	15	14	15	14	14	14	15	15	15	14	15	15	14	15	15	13	14	14	15	14	5	15	15	5	15	5	15	14	15	15	15	15	14	14	15	15	14	14	5	14	15	14	15	14	1	5	14	7	13	15	14	14	14	14	13	15	7	14	13	13	14	13
9:117690758:C:T	1.205	5	13	13	13	13	5	14	15	13	14	14	13	13	14	13	13	13	13	13	13	13	13	13	14	13	14	13	15	14	1	2	2	7	2	1	2	2	1	1	1	2	1	3	2	1	1	2	2	1	14	2	2	13	13	14	14	14	14	14	14	13	2	1	15	1	14	15	14	15	1	14	14	15	15	15	1	1	15	14	15	15	13	14	14	15	14	5	15	15	5	15	7	15	14	15	15	15	15	14	1	1	15	14	14	1	14	15	14	15	14	1	5	13	2	13	15	14	14	13	13	13	15	2	13	13	13	14	13
9:117691201:C:T	2.594	4	13	13	13	13	5	14	15	13	14	14	12	13	14	13	13	13	13	13	13	13	13	13	14	13	14	13	15	14	1	2	2	2	2	1	2	2	1	1	1	1	1	3	2	1	1	1	1	1	14	2	2	13	13	14	14	14	14	14	14	13	1	1	15	1	14	15	14	15	5	14	14	15	15	15	1	1	15	14	15	15	13	14	14	15	14	5	14	15	1	15	2	15	14	15	15	15	15	14	1	1	1	1	14	5	14	15	14	15	14	1	5	14	2	13	15	14	14	13	13	14	15	1	14	13	14	14	13
9:117691270:A:G	1.136	1f	13	13	13	13	5	14	15	13	14	14	12	13	14	13	13	13	13	13	13	13	13	13	14	13	14	13	15	14	1	2	2	2	2	1	2	2	1	1	1	1	1	3	2	1	1	1	1	1	14	2	2	13	13	14	14	14	14	14	14	13	1	1	15	1	14	15	14	15	5	14	14	15	15	15	1	1	15	14	15	15	13	14	14	15	14	5	14	15	1	15	2	15	14	15	15	15	15	14	1	1	1	1	14	5	14	15	14	15	14	1	5	14	2	13	15	14	14	13	13	14	15	1	14	13	14	14	13
9:117691313:C:T	3.523	5	13	13	13	13	5	14	15	13	14	14	12	13	14	13	13	13	13	13	13	13	13	13	14	13	14	13	15	14	1	2	2	2	2	1	2	2	1	1	1	1	1	3	2	1	1	1	1	1	14	2	2	13	13	14	14	14	14	14	14	13	1	1	15	1	14	15	14	15	5	14	14	15	15	15	1	1	15	14	15	15	13	14	14	15	14	5	14	15	1	15	2	15	14	15	15	15	15	14	1	1	1	1	14	5	14	15	14	15	14	1	5	14	2	13	15	14	14	13	13	14	15	1	14	13	14	14	13
9:117692884:C:G	2.821	4	13	13	13	13	5	14	15	13	14	14	13	14	14	13	13	13	13	13	13	13	13	13	14	13	14	13	15	14	2	2	2	2	2	2	2	2	1	1	1	1	2	1	2	1	1	2	1	1	13	2	2	13	13	14	13	14	14	14	14	13	2	1	15	15	14	1	14	15	15	14	14	15	14	15	15	15	5	13	15	15	14	14	13	15	14	7	14	14	15	15	2	15	13	15	15	9	15	13	1	15	1	5	14	15	14	1	14	15	14	1	7	14	2	12	15	14	14	13	13	14	15	2	14	14	14	14	13
9:117692894:A:ATGTG	15.990	NA	13	13	13	13	5	14	15	13	14	14	13	14	14	13	13	13	13	13	13	13	13	13	14	13	14	13	15	14	2	2	2	2	2	2	2	2	1	1	1	1	2	1	2	1	1	2	1	1	13	2	2	13	13	14	13	14	14	14	14	13	2	1	15	15	14	1	14	15	15	14	14	15	14	15	15	15	5	13	15	15	14	14	13	15	14	7	14	14	15	15	2	15	13	15	15	9	15	13	1	15	1	5	14	15	14	1	14	15	14	1	7	14	2	12	15	14	14	13	13	14	15	2	14	14	14	14	13
9:117693547:C:T	1.158	NA	13	13	13	13	7	14	15	13	14	14	13	14	14	13	13	13	13	13	13	13	13	13	13	13	14	13	15	14	7	7	2	7	2	7	2	2	7	7	2	7	2	2	7	7	7	7	2	2	13	7	2	13	14	14	13	14	14	14	13	13	7	5	15	15	14	15	14	15	15	14	14	15	15	15	15	15	7	14	15	15	14	14	14	15	13	7	14	14	15	15	7	15	14	15	15	9	15	14	12	15	15	7	14	15	10	14	14	15	14	2	7	14	2	13	15	13	14	13	13	14	15	2	13	13	14	13	13
9:117693631:A:G	4.079	NA	13	12	13	13	7	14	15	13	14	14	14	14	14	13	12	13	13	12	13	12	13	12	13	12	14	13	15	14	7	7	7	15	7	7	2	7	7	7	7	7	2	2	7	15	15	15	7	7	13	7	7	13	14	14	13	14	14	14	13	13	7	5	15	15	14	15	14	15	15	14	14	15	15	15	15	15	15	14	15	15	13	14	14	15	13	7	14	14	15	15	7	15	14	15	15	9	15	14	7	15	15	5	14	15	13	14	14	15	14	2	7	14	7	13	15	13	14	13	13	14	15	7	13	13	14	13	13
9:117694184:A:G	5.289	6	13	12	13	13	7	14	15	13	14	14	14	14	14	13	12	12	13	12	13	12	13	13	13	12	14	14	15	14	5	5	14	15	7	7	7	7	7	7	7	7	7	7	7	15	15	15	7	15	13	7	7	13	14	14	13	14	14	14	13	13	15	5	15	15	14	15	14	15	15	14	14	15	15	15	15	15	15	14	15	15	13	14	14	15	13	7	15	14	15	15	7	15	14	15	15	15	15	14	15	15	15	5	14	15	14	14	14	15	14	2	15	14	15	13	15	13	14	13	13	14	15	5	13	13	14	13	13
9:117695634:C:CTTTTTTTTTTTTTT	0.927	NA	13	13	13	14	5	14	15	13	14	14	15	15	14	13	12	13	13	13	13	13	13	13	14	14	14	14	15	14	5	5	14	15	15	15	5	5	15	15	15	15	5	15	5	15	15	15	15	15	14	5	5	13	14	14	13	14	15	14	14	14	15	5	15	15	15	15	14	15	15	14	15	15	15	15	15	15	15	14	15	15	14	14	14	15	14	5	15	15	15	15	15	15	14	15	15	15	15	14	15	15	15	5	15	15	15	14	14	15	14	5	15	14	15	13	15	14	14	14	13	14	15	5	14	13	14	13	13
9:117695685:C:T	2.150	7	13	13	13	14	5	14	15	13	14	14	15	15	14	13	12	13	13	13	13	13	13	13	14	14	14	14	15	14	5	5	14	15	15	15	5	5	15	15	15	15	5	15	5	15	15	15	15	15	14	5	5	13	14	14	13	14	15	14	14	14	15	5	15	15	15	15	14	15	15	14	15	15	15	15	15	15	15	14	15	15	14	14	14	15	14	5	15	15	15	15	15	15	14	15	15	15	15	14	15	15	15	5	15	15	15	14	14	15	14	5	15	14	15	13	15	14	14	14	13	14	15	5	14	13	14	13	13
9:117695887:C:T	0.125	5	13	13	13	14	5	14	15	13	14	14	15	15	14	13	12	13	13	13	13	13	13	13	14	15	14	14	15	14	5	5	14	15	15	15	5	5	15	15	15	15	5	15	5	15	15	15	15	15	14	5	5	13	14	14	13	14	15	14	14	14	15	5	15	15	15	15	14	15	15	14	15	15	15	15	15	15	15	14	15	15	14	14	14	15	14	5	15	15	15	15	15	15	14	15	15	15	15	14	15	15	15	5	15	15	15	14	14	15	15	5	15	14	15	13	15	14	14	14	13	14	15	5	14	13	14	13	13
9:117696336:C:T	2.582	NA	13	13	13	13	5	14	15	13	14	14	15	15	14	13	13	13	13	13	13	13	12	13	14	15	14	14	15	14	5	5	14	15	15	15	5	5	15	15	15	15	5	15	5	15	15	15	15	15	14	5	5	13	14	14	13	14	15	14	14	14	15	5	15	15	15	15	14	15	15	14	15	15	15	15	15	15	15	14	15	15	14	14	14	15	15	7	15	15	15	15	15	15	14	15	15	15	15	14	15	15	15	5	15	15	15	15	14	15	15	5	15	14	15	13	15	14	14	14	13	14	15	5	14	13	14	13	13
9:117696448:A:G	1.126	NA	13	13	13	13	5	14	15	13	14	14	15	15	14	13	13	13	13	13	13	13	12	13	14	15	14	14	15	14	5	5	14	15	15	15	5	5	15	15	15	15	5	15	5	15	15	15	15	15	14	5	5	13	14	14	13	14	15	14	14	14	15	5	15	15	15	15	14	15	15	14	15	15	15	15	15	15	15	14	15	15	14	14	14	15	15	7	15	15	15	15	15	15	14	9	15	15	15	14	15	15	15	5	15	15	15	15	14	15	15	5	15	14	15	13	15	14	14	14	13	14	15	5	14	13	14	14	13
9:117696496:A:AC	3.361	NA	13	13	13	13	5	14	15	13	14	14	15	15	14	13	13	13	13	13	13	13	12	13	14	15	14	14	15	14	5	5	14	15	15	15	5	5	15	15	15	15	5	15	5	15	15	15	15	15	14	5	5	13	14	14	13	14	15	14	14	14	15	5	15	15	15	15	14	15	15	14	15	15	15	15	15	15	15	14	15	15	14	14	14	15	15	7	15	15	15	15	15	15	14	9	15	15	15	14	15	15	15	5	15	15	15	15	14	15	15	5	15	14	15	13	15	14	14	14	13	14	15	5	14	13	14	14	13
9:117696934:A:C	5.939	7	14	13	13	13	7	14	15	13	14	14	15	15	14	13	13	13	13	13	13	13	14	14	14	15	14	14	15	14	5	5	14	15	15	15	5	5	15	15	15	15	5	15	5	15	15	15	15	15	14	5	5	13	14	14	14	14	15	14	14	14	15	5	15	15	15	15	14	15	15	15	15	15	15	15	15	15	15	14	15	15	14	14	14	15	15	7	15	15	15	15	15	15	14	15	15	15	15	14	15	15	15	5	15	15	15	15	14	15	15	5	15	14	15	13	15	14	14	14	14	14	15	5	14	13	14	14	13
9:117697584:A:C	1.091	5	14	14	13	14	15	14	15	13	14	14	15	15	14	13	14	13	13	13	13	14	14	14	7	15	14	14	15	14	5	5	14	15	15	15	5	5	15	15	15	15	5	15	5	15	15	15	15	15	14	5	5	14	14	14	14	14	15	14	14	14	15	7	15	15	15	15	14	15	15	15	15	15	15	15	15	15	15	14	15	15	14	14	14	15	15	7	15	15	15	7	15	15	14	15	15	15	15	14	15	15	15	7	15	15	15	15	14	15	15	5	15	14	15	14	15	14	14	14	13	14	15	5	14	13	14	14	13
9:117697660:C:G	1.213	5	14	14	14	14	15	14	15	13	14	14	15	15	14	13	14	13	14	13	13	14	14	14	5	15	14	14	15	15	5	5	14	15	15	15	5	5	15	15	15	15	5	15	5	15	15	15	15	15	14	5	5	14	14	14	14	14	15	14	14	14	15	7	15	15	15	15	14	15	15	15	15	15	15	15	15	15	15	14	15	15	14	14	14	15	15	7	15	15	15	7	15	15	14	15	15	15	15	14	15	15	15	15	15	15	15	15	14	15	15	5	15	14	15	14	15	14	14	14	13	14	15	5	14	13	14	14	13
9:117697831:A:G	0.840	4	14	14	14	14	15	14	15	14	14	14	15	15	14	13	14	13	14	13	14	14	14	14	5	15	14	14	15	15	5	5	14	15	15	15	5	5	15	15	15	15	5	15	5	15	15	15	15	15	14	5	5	14	14	14	14	14	15	14	14	14	15	7	15	15	15	15	14	15	15	15	15	15	15	15	15	15	15	14	15	15	14	14	14	15	15	7	15	15	15	15	15	15	14	15	15	15	15	14	15	15	15	15	15	15	15	15	14	15	15	5	15	14	15	14	15	14	14	14	13	14	15	7	14	13	14	14	13
9:117697947:A:G	9.293	5	14	14	14	14	15	14	15	14	14	14	15	15	14	13	14	13	14	13	14	14	14	14	5	15	14	14	15	15	5	5	14	15	15	15	5	5	15	15	15	15	5	15	5	15	15	15	15	15	14	5	5	14	14	14	14	14	15	14	14	14	15	7	15	15	15	15	14	15	15	15	15	15	15	15	15	15	15	14	15	15	14	14	14	15	15	7	15	15	15	15	15	15	14	15	15	15	15	14	15	15	15	15	15	15	15	15	14	15	15	5	15	14	15	14	15	14	14	14	13	14	15	7	14	13	14	14	13
9:117698507:C:CA	0.976	NA	14	14	14	14	15	14	15	14	14	14	15	15	14	13	14	14	14	13	14	14	14	15	5	15	14	14	15	15	5	5	14	15	15	15	5	5	15	15	15	15	5	15	5	15	15	15	15	15	14	5	5	14	14	15	14	14	15	14	14	14	15	7	15	15	15	15	14	15	15	15	15	15	15	15	15	15	15	14	15	15	14	14	14	15	15	7	15	15	15	15	15	15	14	15	15	15	15	14	15	15	15	15	15	15	15	15	14	15	15	5	15	14	15	14	15	14	15	13	13	14	15	7	14	13	14	14	13
10:64381013:A:G	5.301	5	15	14	15	15	14	5	15	15	15	15	15	15	15	15	15	15	14	14	15	15	5	15	15	15	5	5	15	15	7	7	7	7	15	7	15	7	15	15	15	15	15	15	15	15	15	7	15	5	15	15	15	14	14	15	14	15	14	14	15	5	15	15	15	15	15	15	15	15	15	15	15	15	15	15	5	15	15	14	15	15	14	15	15	15	15	15	14	7	7	15	15	15	15	15	15	15	15	15	15	15	15	15	15	15	15	15	15	15	15	15	15	15	15	5	14	14	15	15	5	14	15	2	5	5	15	14	15
10:64382662:A:G	0.486	6	15	14	15	15	15	5	15	15	15	15	15	15	15	15	15	5	14	14	15	15	5	15	15	15	5	5	15	15	7	14	14	5	15	14	15	15	15	15	15	15	15	15	15	15	15	15	15	5	15	15	15	14	14	15	14	15	14	14	15	5	15	15	15	15	15	15	15	15	15	15	15	15	15	15	5	15	15	14	15	15	14	15	15	15	15	15	14	5	15	15	15	15	15	15	15	15	15	15	15	15	15	15	15	15	15	15	15	15	15	15	15	15	15	5	14	14	15	15	5	14	15	7	5	5	15	14	15
10:64390962:C:G	1.034	6	15	15	15	5	15	15	15	15	15	15	15	15	15	15	15	15	15	15	15	15	15	15	15	15	15	5	15	5	15	14	5	5	15	15	15	15	15	15	15	15	15	15	15	15	15	15	15	5	5	15	15	5	15	15	14	15	14	15	15	15	15	15	15	15	15	15	15	15	15	15	15	15	15	15	5	15	15	14	15	15	15	15	15	5	15	15	14	5	15	15	15	15	15	15	15	15	15	15	15	15	15	15	15	15	15	15	15	15	15	15	15	15	15	5	14	15	15	5	5	15	15	15	15	15	15	15	5
20:6489913:C:T	6.344	7	15	15	15	15	15	15	15	15	15	15	15	15	15	15	15	15	15	15	15	15	15	15	9	15	14	14	9	15	15	15	15	15	15	15	15	15	15	15	15	15	15	15	15	15	15	15	15	15	15	15	15	14	15	15	14	14	15	15	15	14	15	15	15	9	15	15	15	15	15	15	15	15	15	15	15	15	15	15	15	15	15	15	15	15	15	15	15	9	15	15	15	15	15	15	15	15	15	9	15	15	15	9	9	15	15	15	15	15	15	15	15	15	14	15	15	9	15	14	14	15	15	15	15	15	15	15	14
20:6507736:C:T	11.070	6	15	15	15	5	15	15	15	15	15	15	15	15	15	15	15	15	5	15	15	15	15	15	14	15	14	14	15	5	9	15	15	15	15	15	15	15	15	15	15	15	15	15	15	15	15	15	15	15	14	15	15	14	15	15	14	14	15	15	14	15	15	15	15	15	15	15	15	15	15	15	15	15	15	15	15	15	15	15	15	15	15	15	15	15	15	15	15	15	15	15	15	15	15	15	14	15	15	15	15	15	15	15	15	15	15	15	15	15	15	15	15	15	15	15	15	15	15	14	14	15	15	15	15	15	15	15	14
